00000000011000000000111110010011
00000000001011111000111100010011
00000000000100000000000100010011
00000000001100001010000000100011
00000000001100010010001000100011
00000000010000011000000110010011
00000000001000001000001000110011
00000000001000000000000010110011
00000000010000000000000100110011
00000000001100100010001000100011
00000000000111110000111100010011
00000001111111110000001101100011
11111110000000000000111011100011
00000000110000000010010110000011
01000000001101011000011010110011
00000000100000000010011000000011
00000000110101011001101010110011
01000000110010101101011100110011
00000000111010101111011110110011
00000000111010101110100000110011
